Establecimiento,Examenes,2020-03-25,2020-03-26,2020-03-27,2020-03-28,2020-03-29,2020-03-30,2020-03-31,2020-04-01,2020-04-02,2020-04-03,2020-04-04,2020-04-05,2020-04-06,2020-04-07,2020-04-08,2020-04-09,2020-04-10,2020-04-11,2020-04-12,2020-04-13,2020-04-14,2020-04-15,2020-04-16,2020-04-17,2020-04-18,2020-04-19,2020-04-20,2020-04-21,2020-04-22,2020-04-23,2020-04-24,2020-04-25,2020-04-26,2020-04-27,2020-04-28,2020-04-29,2020-04-30,2020-05-01,2020-05-02,2020-05-03,2020-05-04,2020-05-05,2020-05-06,2020-05-07,2020-05-08,2020-05-09,2020-05-10,2020-05-11,2020-05-12,2020-05-13,2020-05-14,2020-05-15,2020-05-16,2020-05-17,2020-05-18,2020-05-19,2020-05-20,2020-05-21,2020-05-22,2020-05-23,2020-05-24,2020-05-25,2020-05-26,2020-05-27,2020-05-28,2020-05-29,2020-05-30,2020-05-31,2020-06-01,2020-06-02,2020-06-03,2020-06-04,2020-06-05,2020-06-06,2020-06-07,2020-06-08,2020-06-09,2020-06-10,2020-06-11,2020-06-12,2020-06-13,2020-06-14,2020-06-15,2020-06-16,2020-06-17,2020-06-18,2020-06-19,2020-06-20,2020-06-21,2020-06-22,2020-06-23,2020-06-24,2020-06-25,2020-06-26,2020-06-27,2020-06-28,2020-06-29,2020-06-30,2020-07-01,2020-07-02,2020-07-03,2020-07-04,2020-07-05,2020-07-06,2020-07-07,2020-07-08,2020-07-09,2020-07-10,2020-07-11,2020-07-12,2020-07-13,2020-07-14,2020-07-15,2020-07-16,2020-07-17,2020-07-18,2020-07-19,2020-07-20,2020-07-21,2020-07-22,2020-07-23,2020-07-24,2020-07-25,2020-07-26,2020-07-27,2020-07-28,2020-07-29,2020-07-30,2020-07-31,2020-08-01,2020-08-02,2020-08-03,2020-08-04,2020-08-05,2020-08-06,2020-08-07,2020-08-08,2020-08-09,2020-08-10,2020-08-11,2020-08-12,2020-08-13,2020-08-14,2020-08-15,2020-08-16,2020-08-17,2020-08-18,2020-08-19,2020-08-20,2020-08-21,2020-08-22,2020-08-23,2020-08-24,2020-08-25,2020-08-26,2020-08-27,2020-08-28,2020-08-29,2020-08-30,2020-08-31,2020-09-01,2020-09-02,2020-09-03,2020-09-04,2020-09-05,2020-09-06,2020-09-07,2020-09-08,2020-09-09,2020-09-10,2020-09-11,2020-09-12,2020-09-13,2020-09-14,2020-09-15,2020-09-16,2020-09-17,2020-09-18,2020-09-19,2020-09-20,2020-09-21,2020-09-22,2020-09-23,2020-09-24,2020-09-25,2020-09-26,2020-09-27,2020-09-28,2020-09-29,2020-09-30,2020-10-01,2020-10-02,2020-10-03,2020-10-04,2020-10-05,2020-10-06,2020-10-07,2020-10-08,2020-10-09,2020-10-10,2020-10-11,2020-10-12,2020-10-13,2020-10-14,2020-10-15,2020-10-16,2020-10-17,2020-10-18,2020-10-19,2020-10-20,2020-10-21,2020-10-22,2020-10-23,2020-10-24,2020-10-25,2020-10-26,2020-10-27,2020-10-28,2020-10-29,2020-10-30,2020-10-31,2020-11-01,2020-11-02,2020-11-03,2020-11-04,2020-11-05,2020-11-06,2020-11-07,2020-11-08,2020-11-09,2020-11-10,2020-11-11,2020-11-12,2020-11-13,2020-11-14,2020-11-15,2020-11-16,2020-11-17,2020-11-18,2020-11-19,2020-11-20,2020-11-21,2020-11-22,2020-11-23,2020-11-24,2020-11-25,2020-11-26,2020-11-27,2020-11-28,2020-11-29,2020-11-30,2020-12-01,2020-12-02,2020-12-03,2020-12-04,2020-12-05
Instituto de salud pública,realizados,,,,,,,,,,,,,,,,9597,10056,10424,10646,10861,11007,11186,11446,11704,12063,12248,12609,12838,13087,13420,13763,14130,14381,14623,14896,15239,15681,16144,16680,17229,17669,18206,18636,19836,20472,21276,21878,22461,23542,24239,25330,26266,27511,28860,29789,31366,33072,34455,35392,36886,38155,39599,40950,41870,42803,44224,45509,46528,48592,49786,50919,51743,53304,54505,55692,57398,58325,59330,60453,61170,62467,63387,64771,65204,65939,66540,67421,68346,69168,70175,70727,71275,72011,72641,73209,74036,74862,75415,75809,76244,76796,77393,78215,79041,79409,79684,80417,81052,81793,82433,83616,84143,84710,85581,86492,87217,87677,88503,88962,89509,90125,90780,91230,91743,92606,92818,93701,94123,94987,95540,96347,97162,97575,98352,98814,99472,100574,101776,102594,103063,103880,104279,105153,106344,107506,108519,108889,109423,109885,110515,111607,112240,113178,113515,114221,114787,115649,116258,117164,118167,118556,119090,119610,120426,121576,122579,123747,124211,124623,125066,125729,126799,128002,129012,129480,130391,130994,131809,132947,133811,134049,134473,135234,135826,136426,137756,137756,140625,141568,142333,142665,143739,144917,145849,146565,147161,147530,149051,149949,151041,151942,152730,153452,153728,154175,154594,155436,155954,156701,156940,157270,157885,158438,159354,160085,161049,161049,161491,162275,163015,163788,164666,165479,165917,166072,166212,167081,167707,168052,169128,169470,169562,169878,170466,171426,172268,173002,173120,173413,173653,174725,175655,176667,177167,177388,177662,178342,178884,179613,180534,181226,181654,181950,182382,182972,183900
Hospitales público,realizados,,,,,,,,,,,,,,,,34874,37086,39078,42035,43624,45265,46889,50837,53258,56358,58578,61640,63919,67290,70854,74609,78360,81708,84556,87485,90218,93626,97378,101519,105222,109158,112939,117156,121905,126551,131117,137284,142795,146747,150570,155863,162975,166097,172275,179351,186696,192548,198250,203858,209406,213785,219739,224214,229125,235326,241466,248018,254646,260086,264404,270253,276926,284378,292490,299684,305765,312201,318602,326380,333628,341111,348381,355258,361854,367978,374738,382321,389568,397479,405138,411631,416956,423720,431617,439281,447182,454078,460155,465774,471063,477982,485269,492627,500559,506565,511985,518874,526703,534930,543184,550717,557367,564369,571782,579948,588351,596739,604778,611609,617998,626377,636255,645358,654720,666191,676780,686355,696320,707399,720212,731976,744034,755525,764817,776247,788574,801828,816081,829763,841809,852477,865041,877972,891892,907035,921466,934371,944703,958540,972646,987423,1003743,1018937,1032269,1042411,1055433,1071583,1088083,1104660,1121321,1133823,1144529,1157444,1172733,1189795,1206512,1222562,1236068,1246782,1260155,1276960,1294781,1312908,1328248,1341777,1351777,1366470,1383142,1399809,1413471,1422400,1429616,1437794,1451167,1469464,1487645,1506472,1525015,1538745,1550648,1566162,1584668,1601190,1618928,1635505,1648228,1657749,1672841,1689896,1707125,1725237,1742216,1754978,1763218,1772311,1786247,1804134,1821994,1839004,1852188,1861631,1876794,1895630,1914613,1933048,1950865,1961999,1972812,1988419,2005515,2023476,2042670,2060677,2073143,2081206,2097723,2116571,2133905,2152585,2168775,2181685,2190889,2207567,2225518,2244322,2262262,2278438,2290557,2299762,2315711,2334251,2352125,2370157,2387974,2400343,2410018,2426440,2445085,2463889,2483107,2500868,2512735,2522401,2538734,2556457,2574409
Privados,realizados,,,,,,,,,,,,,,,,23882,25655,26872,29590,30550,31522,33798,36141,38911,40470,42823,44578,45600,48345,50873,53895,56722,59886,62056,63784,67162,71210,75911,81201,83767,87304,90950,96316,102485,108938,115511,121522,128801,133051,138941,144224,152271,156717,162361,171871,179138,184049,193298,202843,211040,219818,228703,235961,243528,252044,260816,269793,281266,290652,298582,307146,317789,330874,340515,353397,365652,376066,383135,394210,404978,416421,428382,438929,446475,452252,461888,473771,485679,497061,507040,512702,519404,529350,539072,548784,558426,567503,574222,578594,583701,591815,601218,611042,618661,624352,629121,638341,647604,656904,667181,675932,680993,685633,694541,704163,712751,719631,727109,732409,738266,748138,758676,768256,778090,787300,794095,800767,810675,821606,832638,844966,856362,863315,874644,885554,897812,910493,923498,935010,944744,952607,963272,977085,990473,1005050,1014895,1024819,1033228,1045207,1059140,1072998,1088026,1099348,1110182,1119591,1133022,1146284,1161412,1178698,1192948,1206383,1217889,1231696,1247559,1263942,1281511,1295280,1309290,1319969,1334466,1351080,1370251,1387219,1403446,1416646,1428837,1445187,1460940,1477957,1491051,1498706,1504455,1511089,1526202,1544958,1563608,1584186,1600247,1614493,1629334,1647021,1666115,1684113,1701776,1720681,1733678,1743494,1759835,1778174,1795875,1816073,1834213,1846332,1855167,1863632,1880365,1898250,1916993,1933907,1946215,1955288,1971244,1989214,2007111,2026418,2045469,2054347,2064914,2081929,2100973,2121497,2142577,2160017,2170767,2180580,2198151,2218927,2240257,2263303,2283368,2294047,2306899,2325613,2345357,2366115,2388147,2408566,2419032,2429759,2448884,2468502,2489284,2510274,2530335,2540505,2550936,2570013,2589752,2609681,2632316,2651359,2662744,2674382,2693679,2716007,2737288
Instituto de salud pública,informados ultimo dia,,,,,,,,,,,,,,,,605,459,368,222,215,146,179,260,258,359,185,361,229,249,333,343,367,251,242,273,343,442,463,536,549,440,537,430,1200,636,804,602,583,1081,697,1091,936,1245,1349,929,1577,1706,1383,937,1494,1269,1444,1351,920,933,1421,1285,1019,2064,1194,1133,824,1559,1201,1189,1704,927,1007,1123,717,1297,920,1384,433,735,601,881,925,822,1007,552,548,736,630,568,827,826,553,394,435,552,597,822,826,368,275,733,635,741,640,1183,527,567,871,911,725,460,826,459,547,616,655,450,513,863,212,883,422,864,553,807,815,413,777,462,658,1102,1202,818,469,817,399,874,1191,1162,1013,370,534,462,630,1092,633,938,337,706,566,862,609,906,1003,389,534,520,816,1150,1003,1168,464,412,443,663,1070,1203,1010,468,911,603,815,1138,864,238,424,761,592,600,1330,0,2869,943,765,332,1074,1178,932,716,596,369,1521,898,1092,901,788,722,276,447,419,842,518,747,239,330,615,553,916,731,964,0,442,784,740,773,878,813,438,155,140,869,626,345,1076,342,92,316,588,960,842,734,118,293,240,1072,930,1012,500,221,274,680,542,729,921,692,428,296,432,590,928
Hospitales público,informados ultimo dia,,,,,,,,,,,,,,,,3420,2212,1992,2957,1589,1641,1624,3948,2421,3100,2220,3062,2279,3371,3564,3755,3751,3348,2848,2929,2733,3408,3752,4141,3703,3936,3781,4217,4749,4646,4566,6167,5511,3952,3823,5293,7112,3122,6178,7076,7345,5852,5702,5608,5548,4379,5954,4562,4911,6201,6140,6552,6628,5440,5247,5849,6673,7471,8112,7194,6081,6436,6401,7778,7248,7483,7270,6877,6596,6124,6760,7583,7247,7911,7659,6493,5325,7216,7897,7664,7901,6896,6077,5619,5289,6919,7287,7358,7932,6006,5420,6889,7829,8227,8254,7533,6650,7002,7413,8166,8403,8388,8039,6831,6389,8379,9878,9103,9362,11471,10589,9575,9965,11079,12813,11764,12058,11491,9292,11430,12327,13254,14253,13682,12046,10668,12564,12931,13920,15143,14431,12905,10332,13837,14106,14777,16320,15194,13332,10142,13022,16150,16500,16577,16661,12502,10706,12915,15289,17062,16717,16050,13506,10714,13373,16805,17821,18127,15340,13529,10000,14693,16672,16667,13662,8929,7216,8178,13373,18297,18181,18827,18543,13730,11903,15514,18506,16522,17738,16577,12723,9521,15092,17055,17229,18112,16979,12762,8240,9093,13936,17887,17860,17010,13184,9443,15163,18836,18983,18435,17817,11134,10813,15607,17096,17961,19194,18007,12466,8063,16517,18848,17334,18680,16190,12910,9204,16678,17951,18804,17940,16176,12119,9205,15949,18540,17874,18032,17817,12369,9675,16422,18645,18804,19218,17761,11867,9666,16333,17723,17952
Privados,informados ultimo dia,,,,,,,,,,,,,,,,3937,1773,1217,2718,960,972,2276,2343,2770,1559,2353,1755,1022,2745,2528,3022,2827,3164,2170,1728,3378,4048,4701,5290,2566,3537,3646,5366,6169,6453,6573,6011,7279,4250,5890,5118,8047,4446,5644,9510,7267,4911,9249,9545,8197,8778,8885,7171,7567,8516,8772,8977,11473,9386,7001,8564,10643,12750,9641,12882,12255,10414,7069,11075,10768,11443,11961,10547,7546,5777,9636,11883,11908,11382,9979,5662,6702,9494,9722,9712,9642,9077,6719,4372,5107,8114,9403,9824,7619,5691,4769,9220,9263,9300,10277,8751,5061,4640,8908,9622,8588,6880,7478,5300,5857,9872,10538,9580,9834,9210,6795,6672,9908,10931,11032,12328,11396,6953,11329,10910,12258,12681,13005,11512,9734,7863,10665,13813,13388,14577,9845,9924,8409,11979,13933,13858,15028,11322,10834,9409,13431,13262,15128,17286,14250,13435,11506,13807,15863,16383,17569,13769,14010,10679,14497,16614,19171,16968,16227,13200,12191,16350,15753,17017,13094,7655,5749,6634,15113,18756,18650,20578,16061,14246,14841,17687,19094,17998,17663,18905,12997,9816,16341,18339,17701,20198,18140,12119,8835,8465,16733,17885,18743,16914,12308,9073,15956,17970,17897,19307,19051,8878,10567,17015,19044,20524,21080,17440,10750,9813,17571,20776,21330,23046,20065,10679,12852,18714,19744,20758,22032,20419,10466,10727,19125,19618,20782,20990,20061,10170,10431,19077,19739,19929,22635,19043,11385,11638,19297,22328,21281
Total realizados,realizados,,,,,,,,,,,,,,,,68353,72797,76374,82271,85035,87794,91873,98424,103873,108891,113649,118827,122357,128722,135147,142267,149212,155975,161235,166165,172619,180517,189433,199400,206218,214131,222095,232108,244226,255961,267904,280684,294057,303340,313750,325417,341512,350325,363496,381011,397200,409669,426003,442093,457332,471758,488041,501125,514523,530173,546506,563320,582440,599330,612772,628318,646458,668556,687510,708773,728815,746592,761067,781043,799776,819999,840150,858958,873533,886169,903166,923513,943593,963708,982353,995060,1007635,1025081,1043330,1061274,1079644,1096443,1109792,1120177,1131008,1146593,1163880,1181884,1198261,1210326,1220790,1237632,1255359,1273627,1292798,1310265,1322503,1334712,1351904,1370603,1388319,1404047,1420390,1432980,1445773,1464640,1485711,1504844,1524553,1546097,1563693,1580823,1601118,1623992,1648390,1673289,1697558,1716415,1737813,1760615,1785858,1812895,1841355,1867367,1889616,1908964,1932592,1960210,1988709,2019591,2044880,2068079,2087354,2113632,2142301,2172028,2204009,2231463,2255966,2276223,2303242,2333516,2365753,2400522,2432436,2458762,2481508,2508750,2540718,2575313,2610602,2641589,2669569,2691374,2719687,2753769,2791831,2828129,2860706,2887903,2911005,2942651,2975891,3010713,3038333,3055155,3068544,3084117,3113195,3150848,3189009,3228414,3265887,3294806,3322315,3355848,3394522,3430220,3466553,3502751,3529067,3548773,3581727,3618019,3654041,3693252,3729159,3754762,3772113,3790118,3821206,3857820,3894941,3929612,3955343,3974189,4005923,4043282,4081078,4119551,4157383,4177395,4199217,4232623,4269503,4308761,4349913,4386173,4409827,4427858,4462086,4502579,4541869,4583940,4621271,4645202,4667350,4703058,4741341,4781863,4822677,4860006,4882709,4902934,4938248,4977478,5017064,5057098,5095476,5118236,5138616,5174795,5213721,5253183,5295957,5333453,5357133,5378733,5414795,5455436,5495597
Total informados ultimo dia,informados ultimo dia,3290.0,4886.0,7387.0,3534.0,1777.0,3680.0,3046.0,2898.0,2685.0,3405.0,4483.0,3343.0,2908.0,2258.0,3269.0,7962,4444,3577,5897,2764,2759,4079,6551,5449,5018,4758,5178,3530,6365,6425,7120,6945,6763,5260,4930,6454,7898,8916,9967,6818,7913,7964,10013,12118,11735,11943,12780,13373,9283,10410,11502,16095,8813,13171,17515,16189,12469,16334,16090,15239,14426,16283,13084,13398,15650,16333,16814,19120,16890,13442,15546,18140,21780,18954,21265,20040,17777,14477,19976,18733,20223,20151,18808,14575,12636,16997,20347,20080,20115,18645,12707,12575,17446,18249,17944,18370,16799,13349,10385,10831,15585,17287,18004,16377,12065,10464,16842,17727,18268,19171,17467,12238,12209,17192,18699,17716,15728,16343,12590,12793,18867,21071,19133,19709,21544,17596,17130,20295,22874,24398,24899,24269,18857,21398,22802,25243,27037,28460,26012,22249,19348,23628,27618,28499,30882,25289,23199,19275,26278,28669,29727,31981,27454,24503,20257,27019,30274,32237,34769,31914,26326,22746,27242,31968,34595,35289,30987,27980,21805,28313,34082,38062,36298,32577,27197,23102,31646,33240,34822,27620,16822,13389,15573,29078,37653,38161,39405,37473,28919,27509,33533,38674,35698,36333,36198,26316,19706,32954,36292,36022,39211,35907,25603,17351,18005,31088,36614,37121,34671,25731,18846,31734,37359,37796,38473,37832,20012,21822,33406,36880,39258,41152,36260,23654,18031,34228,40493,39290,42071,37331,23931,22148,35708,38283,40522,40814,37329,22703,20225,35314,39230,39586,40034,38378,22760,20380,36179,38926,39462,42774,37496,23680,21600,36062,40641,40161
